11.229
11.373
11.215
11.211
11.274
11.294
11.277
11.259
11.253
11.278
11.296
11.298
11.261
11.248
11.145
11.276
11.366
11.283
11.199
11.325
11.349
11.270
11.265
11.270
11.374
11.159
11.368
11.443
11.462
11.345
11.314
11.249
11.323
11.328
11.759
11.389
11.341
11.334
11.350
11.314
11.187
11.295
11.282
11.310
11.449
11.155
11.443
11.431
11.300
11.302
11.285
11.238
11.194
11.210
11.283
11.234
11.192
11.287
11.220
11.233
11.275
11.324
11.300
11.192
11.397
11.172
11.258
11.319
11.383
11.287
11.179
11.408
11.318
11.344
11.163
11.264
11.516
11.155
11.306
11.505
11.232
11.220
11.349
11.322
11.183
11.247
11.187
11.246
11.287
11.522
11.162
11.482
11.200
11.214
11.207
11.177
11.177
11.559
11.111
11.381
